-68
-3605892
-5135816
3427015
209360
962447
1660527
-63
141
0
1
20735591
1
21
19876270
2
15
22872211
3
16
23517897
4
27
25581713
6
26
20565902
9
25
22934950
10
20
22114276
0
1
0
0
1
0
0
1
0
0
1
0
0
-3673863
-25862919
4017090
3220.29296875
106948
108515
802398
46
-11160307
-23094659
7361184
2679.0625
3379
-246085
-760940
46
-24355324
1007995
10833335
-2297.72265625
-320840
-152147
-701065
46
-20029992
-13716735
-11054322
6552.38671875
359740
40687
-696274
47
17082949
-20180699
3646986
1939.296875
130659
-34555
-797263
46
-3429111
-16641972
20472060
-3196.80859375
491117
-447398
-275377
47
-20241182
3368316
16729640
-5015.828125
356646
-416873
521462
46
-15694677
-838988
21439247
-6196.9296875
-161232
-677302
-138459
46
1660527
0
0
0
0
0
0
255
0
0
0
0
0
0
0
255
0
0
0
0
0
0
0
255
0
0
0
0
0
0
0
255
-68
-3605072
-5132054
3433500
210501
963844
1659568
-66
141
0
1
20738833
1
21
19878974
2
15
22869936
3
16
23524470
4
27
25583673
6
26
20562728
9
25
22929955
10
20
22108101
0
1
0
0
1
0
0
1
0
0
1
0
0
-3673445
-25862495
4020224
3225.625
106980
108607
802376
47
-11160294
-23095620
7358212
2690.90234375
3388
-245993
-760980
46
-24356577
1007401
10830597
-2290.18359375
-320765
-152104
-701123
46
-20028586
-13716576
-11057042
6556.69140625
359826
40690
-696214
46
17083459
-20180834
3643871
1942.16015625
130586
-34493
-797282
45
-3427193
-16643719
20470984
-3187.6640625
491066
-447402
-275488
46
-20239789
3366687
16731677
-5012.19921875
356668
-416939
521370
46
-15695307
-841633
21438706
-6190.75
-161267
-677275
-138575
46
1659568
0
0
0
0
0
0
255
0
0
0
0
0
0
0
255
0
0
0
0
0
0
0
255
0
0
0
0
0
0
0
255
